198 200 199 199 203 204 199 195 186 189 192 194 195 196 196 195 199 195 195 201 204 201 201 204 202 204 206 203 198 200 206 208 209 210 202 200 202 200 200 198 195 190 189 193 197 198 200 204 204 210 204 192 191 194 192 191 195 196 197 195 190 187 190 196 195 199 196 193 196 195 190 189 197 195 194 194 194 196 197 195 192 194 192 189 189 193 194 193
192 198 200 200 204 205 202 199 193 193 194 197 197 194 191 190 195 192 195 206 213 210 205 202 203 198 194 193 194 200 204 202 202 207 204 203 203 200 201 199 201 200 194 188 189 197 202 203 192 183 177 175 175 178 181 182 194 187 184 187 190 189 190 193 192 192 190 189 190 189 188 190 195 195 194 190 185 187 194 197 189 196 201 200 198 196 194 192
188 196 198 195 197 199 198 197 196 193 192 195 197 195 192 192 191 189 192 200 207 206 202 200 195 192 193 196 199 202 200 193 196 205 207 208 206 204 206 203 204 205 202 197 196 196 188 177 162 166 164 169 176 168 171 194 194 185 183 190 194 189 183 183 184 181 183 187 186 185 187 189 193 189 185 181 181 187 195 197 193 199 203 201 197 195 195 195
187 194 193 186 187 191 193 194 198 196 193 191 191 192 192 191 188 189 190 193 194 195 196 198 187 187 191 194 195 197 197 193 199 202 200 198 196 198 204 201 198 200 203 203 195 182 169 161 167 170 173 168 166 183 198 196 198 196 197 200 197 189 183 182 181 178 183 189 189 192 195 193 193 189 185 182 184 192 198 197 200 200 200 198 196 196 197 198
177 182 179 173 174 179 183 185 188 192 192 188 187 192 194 193 189 191 192 193 194 196 197 197 197 194 191 188 187 193 200 201 195 189 180 176 175 182 194 193 189 191 191 184 173 166 168 174 172 173 165 173 198 205 199 202 203 205 205 200 194 191 190 190 188 186 187 187 188 197 203 199 195 197 198 194 190 193 199 199 200 198 197 199 201 200 197 195
167 171 170 166 167 170 174 177 181 190 194 191 188 189 189 187 193 192 189 189 195 202 202 198 202 198 195 193 191 191 189 183 174 169 166 170 170 176 188 187 183 182 176 167 165 170 175 176 169 163 178 203 208 201 198 199 199 202 201 195 193 193 190 185 194 191 185 177 178 190 198 197 195 196 198 195 193 197 200 197 195 191 190 194 197 196 192 190
158 163 165 164 165 168 175 184 192 197 200 197 188 179 174 173 190 189 186 185 191 198 197 190 190 189 191 192 189 183 174 162 163 161 166 176 173 174 186 188 179 173 167 167 172 176 173 167 172 196 203 194 192 193 192 196 194 195 195 195 196 195 189 182 191 192 185 177 177 182 187 191 192 190 189 187 188 195 198 193 190 187 187 189 189 187 187 189
140 146 150 152 156 162 175 191 194 194 197 198 190 177 172 175 179 185 188 188 189 191 185 176 185 184 185 184 181 180 178 174 171 167 170 176 167 165 182 189 175 167 165 169 169 165 166 173 188 191 194 195 196 195 195 196 196 194 193 195 198 198 196 194 188 194 192 188 187 184 183 189 189 190 189 183 179 186 193 193 187 188 192 194 191 185 186 190
128 132 129 143 155 152 162 173 180 178 182 189 180 176 170 179 176 181 181 186 194 186 175 176 188 177 182 192 186 178 177 176 172 169 171 171 167 169 177 184 165 162 165 173 177 176 177 181 183 180 188 194 189 189 196 197 194 182 192 194 195 198 201 193 193 195 196 196 190 181 178 184 184 187 186 186 189 186 195 188 190 193 195 190 184 187 194 197
118 126 131 141 150 148 147 148 156 158 167 170 171 166 179 174 161 170 175 180 188 184 176 178 179 179 191 200 192 182 175 167 175 168 165 165 166 169 174 176 161 166 173 178 179 177 176 176 175 183 184 186 192 189 185 191 178 171 182 184 186 189 194 191 186 190 195 198 197 192 182 173 176 186 188 195 202 196 198 197 195 194 193 188 181 183 191 196
123 123 131 140 151 154 146 141 135 137 139 150 153 144 158 147 147 158 165 169 173 170 164 164 163 156 158 166 176 187 188 177 168 164 161 163 167 170 169 168 168 174 177 173 168 166 166 166 167 174 178 186 197 191 177 172 169 164 171 170 176 180 185 186 186 184 189 194 194 193 186 176 178 188 185 190 199 198 195 198 189 189 193 193 186 182 186 191
139 131 140 147 153 152 133 120 120 142 143 146 130 124 135 143 152 159 160 158 157 155 152 152 156 154 153 152 154 163 168 164 163 162 160 160 165 168 168 168 172 174 173 168 164 163 165 166 167 164 175 187 186 181 175 165 157 157 162 156 163 169 171 168 174 168 178 188 183 179 182 182 177 182 179 179 183 187 191 195 188 187 192 192 181 172 175 183
140 136 145 141 136 140 126 109 112 136 135 130 136 149 147 157 155 158 157 155 156 159 159 159 153 155 158 158 157 159 161 161 166 164 157 154 162 169 170 171 174 173 173 174 173 169 164 162 167 163 172 179 168 157 156 155 147 148 150 135 137 146 153 152 147 146 160 169 162 158 163 165 166 160 164 169 167 163 160 159 164 167 178 184 175 166 171 180
120 133 149 140 127 137 135 115 108 105 103 115 164 179 168 167 165 165 166 166 166 166 163 160 168 165 161 161 162 160 156 153 161 162 155 153 164 171 168 167 174 172 172 177 179 175 170 167 158 162 166 172 171 147 124 120 127 128 133 119 115 119 125 123 128 128 129 124 120 126 134 131 129 114 124 141 162 156 141 128 124 126 136 145 142 141 153 167
109 127 147 146 129 130 130 105 103 98 95 110 147 160 163 160 160 155 151 150 147 147 149 149 152 159 164 165 165 164 162 163 157 164 159 152 156 158 156 157 149 151 152 154 157 160 161 161 156 162 165 172 177 161 136 126 115 106 114 112 112 114 117 113 109 123 136 140 141 139 125 109 105 100 100 95 131 136 125 114 108 101 97 96 92 96 112 127
117 117 124 128 113 112 122 106 107 114 92 87 94 126 143 126 114 102 94 94 99 115 137 151 155 156 154 156 168 177 176 171 165 174 165 146 139 137 140 150 160 166 167 162 159 160 161 158 167 167 172 173 169 176 184 181 147 113 102 100 112 130 151 158 158 162 163 165 171 175 175 175 177 187 164 100 112 114 110 108 101 95 93 93 87 83 88 93
128 124 118 113 108 107 107 107 113 112 102 110 102 113 152 135 111 91 98 127 163 185 185 187 185 185 182 177 172 161 147 140 129 149 153 142 141 136 148 149 158 173 166 168 147 140 178 169 167 172 170 172 172 170 179 187 193 173 98 123 160 176 174 171 173 167 164 163 168 174 176 184 183 178 142 104 106 111 101 106 100 94 97 97 89 87 91 88
136 122 112 104 97 105 110 100 98 107 115 128 124 124 137 147 146 155 174 182 179 176 176 181 180 178 168 151 129 112 111 120 134 140 139 139 144 136 140 140 136 129 162 181 181 157 176 173 167 169 169 170 173 176 177 174 187 190 165 177 177 180 177 180 181 175 183 176 170 175 170 171 187 134 107 108 108 106 103 104 101 94 92 90 87 90 94 92
114 100 98 95 90 102 108 92 101 103 117 130 135 135 124 158 180 179 176 176 172 170 172 169 164 157 135 107 93 94 96 94 107 112 116 123 133 131 137 139 115 96 100 130 169 187 181 174 172 171 172 169 172 179 175 166 163 165 168 165 150 153 150 150 149 145 154 159 161 167 163 154 149 103 97 109 105 107 110 103 107 99 87 78 80 89 96 97
108 102 101 99 92 94 92 78 82 85 114 137 134 137 123 157 181 178 168 168 161 155 158 153 145 117 96 93 95 93 95 100 102 104 101 99 107 120 133 139 132 138 106 86 100 151 179 177 173 168 171 171 171 174 168 162 166 155 156 153 151 157 149 138 135 136 132 144 150 144 142 132 103 99 103 100 99 106 105 101 104 100 86 74 76 85 89 89
101 98 91 90 92 88 79 76 77 73 104 140 133 138 128 130 155 166 167 164 151 140 140 130 114 99 94 97 93 90 99 110 108 103 99 100 106 120 128 131 162 156 144 113 88 86 138 179 173 167 168 171 171 166 160 158 159 156 155 158 164 157 144 131 132 134 131 132 134 117 98 99 95 93 93 92 98 98 91 95 92 94 88 79 79 82 82 81
91 87 78 81 93 89 77 77 77 69 94 139 136 139 135 118 128 140 144 142 139 139 129 108 98 99 99 92 87 98 106 101 103 96 101 110 108 113 118 130 157 145 142 143 133 97 82 132 174 175 167 167 167 159 158 159 153 158 153 156 156 141 133 130 136 132 143 136 146 142 98 90 93 81 85 95 98 94 88 89 86 88 86 79 75 80 85 86
84 79 72 75 83 81 70 65 61 60 82 129 140 133 134 131 121 129 140 140 134 129 114 100 103 91 88 93 93 98 104 103 106 99 104 109 97 101 109 130 142 159 150 150 147 141 90 80 141 170 167 162 160 153 158 156 153 154 149 148 142 137 135 137 140 141 151 147 164 174 123 76 77 73 84 90 88 88 85 82 83 81 79 72 66 73 85 89
84 81 83 88 93 104 108 103 84 61 52 93 135 131 124 129 131 123 131 132 121 108 98 102 95 90 92 92 86 93 105 107 98 98 109 116 107 113 111 119 145 139 144 156 146 152 150 96 86 149 163 161 157 149 155 147 146 146 151 153 142 146 144 144 142 158 158 161 173 184 148 63 68 71 76 73 73 75 72 76 74 71 73 69 60 65 77 78
83 79 116 137 124 109 120 125 127 108 69 51 103 139 126 118 122 130 122 106 101 101 98 96 91 89 87 89 89 94 103 99 98 99 117 126 122 125 107 111 142 139 142 150 146 149 155 148 93 93 156 150 147 146 147 141 137 147 152 149 146 148 152 153 158 160 165 164 172 182 167 74 68 76 73 72 69 66 70 73 72 68 68 68 65 67 69 64
79 95 108 110 111 107 111 118 115 128 107 70 53 124 129 115 117 119 111 99 96 96 94 93 84 82 81 85 86 90 100 98 96 111 104 130 121 118 116 106 123 145 134 147 150 144 138 152 140 95 123 154 143 144 136 134 135 151 151 144 146 148 148 154 157 165 173 167 170 180 177 83 68 80 77 71 68 65 68 71 70 68 69 72 69 65 66 67
80 109 106 103 108 109 109 109 118 115 116 110 63 88 137 115 112 109 101 95 93 91 88 89 81 78 76 82 85 88 96 96 99 96 125 123 113 119 119 108 106 148 135 137 149 150 136 140 141 138 117 134 136 138 136 124 136 153 148 139 145 146 144 154 162 156 163 169 178 182 187 97 79 90 81 70 70 70 69 67 74 72 67 66 73 77 75 73
85 111 107 111 109 109 110 107 108 114 112 113 110 90 127 124 111 105 98 95 92 86 83 85 79 74 70 78 84 87 94 96 98 93 119 109 108 111 124 129 107 133 139 127 140 150 149 136 136 129 135 130 125 129 129 119 143 149 144 138 142 142 142 150 153 146 157 170 179 177 188 106 72 86 79 71 73 72 71 71 67 73 73 74 78 75 71 73
84 111 105 106 104 104 108 110 111 105 114 114 107 112 115 128 110 102 96 93 87 80 79 81 76 71 64 71 81 85 91 93 84 90 90 96 96 106 93 111 122 121 135 125 131 140 144 143 131 125 122 126 134 122 125 105 151 141 138 140 138 137 140 143 145 147 155 164 179 183 185 99 59 67 64 68 76 73 69 67 78 74 70 75 81 75 70 76
70 110 108 100 105 104 103 109 107 109 106 107 112 112 102 124 106 99 94 89 81 77 76 75 71 68 61 65 75 78 83 85 91 94 97 97 98 119 116 100 112 111 116 121 131 143 138 146 134 129 124 112 128 142 113 107 152 135 132 138 133 132 136 136 141 148 157 167 179 180 176 118 99 106 102 92 76 62 63 65 70 70 67 67 74 79 78 76
54 93 111 103 106 105 102 103 102 104 107 104 109 104 112 98 97 92 90 85 78 74 69 59 56 60 55 58 68 71 77 81 91 98 91 92 96 94 144 126 94 99 99 112 120 119 130 143 144 131 118 126 115 125 128 122 144 133 129 131 129 128 131 131 134 148 159 166 162 153 160 155 166 164 163 167 162 143 111 75 61 66 71 70 68 70 71 68
48 71 105 105 99 100 105 99 104 102 108 103 111 102 93 100 86 84 86 83 75 70 59 41 36 45 45 51 62 68 77 84 90 94 96 99 102 71 91 151 109 103 103 109 94 58 101 130 138 139 125 116 108 117 128 141 135 135 128 124 127 127 126 129 141 149 144 142 144 148 151 157 156 158 162 164 164 173 180 166 117 78 57 68 75 69 65 66
50 56 85 106 101 98 104 102 100 101 101 100 100 99 96 92 88 77 74 74 61 55 50 27 21 27 36 39 61 64 63 78 87 97 100 97 98 80 76 116 149 104 120 142 141 121 103 106 127 130 135 121 109 109 125 130 134 130 123 123 125 120 122 136 133 134 138 137 143 133 134 141 143 145 148 149 150 154 161 166 179 158 82 62 68 70 65 67
48 45 61 90 105 99 94 98 96 101 102 98 92 88 87 87 93 74 66 67 46 23 24 26 29 26 31 25 53 67 80 89 94 101 103 98 97 83 70 88 135 153 143 152 147 159 158 154 148 153 137 133 111 108 113 122 133 123 120 116 111 122 132 127 126 123 122 120 122 125 129 128 126 130 135 137 138 141 146 152 159 168 159 100 93 85 94 84
45 49 47 59 89 102 98 99 94 98 100 94 85 79 76 76 78 79 66 44 24 21 26 21 25 25 29 24 67 81 89 90 99 98 100 97 92 82 71 75 109 153 152 147 145 140 144 143 154 164 183 175 156 111 110 132 140 142 141 136 129 121 118 120 120 118 120 120 115 120 123 120 125 127 129 129 130 134 141 147 149 155 175 166 105 106 113 106
50 62 55 47 68 93 98 96 99 99 97 93 88 82 75 69 66 61 42 28 22 21 25 23 20 25 22 26 73 83 82 91 95 99 100 90 87 95 89 72 89 129 161 147 142 141 138 134 137 138 154 173 182 167 133 145 150 151 146 148 154 139 116 108 116 114 119 123 129 131 135 136 139 139 138 135 133 132 134 136 142 145 149 169 147 108 101 113
78 79 79 77 79 86 93 96 98 94 89 85 82 79 72 66 68 51 28 23 25 20 20 22 24 26 27 45 70 76 81 96 101 92 87 87 88 94 98 91 71 91 137 157 138 144 141 140 138 145 143 147 150 148 134 139 146 143 146 147 148 156 152 131 138 137 135 127 143 145 151 153 157 158 159 158 154 147 139 133 132 136 141 147 164 129 113 107
102 95 98 102 97 95 100 100 99 97 92 86 81 79 76 74 65 57 35 21 21 25 26 20 27 21 31 58 59 70 88 98 93 94 99 109 104 97 104 112 88 80 107 133 110 81 105 101 98 103 107 125 142 124 140 135 140 144 147 144 143 151 161 165 155 164 163 145 144 142 149 153 162 164 167 170 172 170 165 161 147 140 143 144 144 159 127 102
104 101 101 100 98 102 102 96 88 87 85 80 75 71 67 65 53 42 26 22 21 19 23 23 25 21 21 41 55 74 94 97 86 119 131 125 119 115 117 111 125 119 122 114 97 41 83 75 37 52 78 129 128 125 131 136 141 142 135 136 146 145 145 158 150 156 163 163 139 136 141 146 149 150 153 157 162 167 171 173 168 165 154 138 151 145 105 102
104 105 103 102 104 103 98 93 89 89 88 86 83 78 70 62 40 30 20 23 22 20 24 24 18 29 22 36 83 98 98 92 124 129 114 109 110 101 108 121 120 126 129 143 126 50 71 87 46 57 113 127 122 129 132 134 134 135 140 140 136 142 150 150 165 149 152 176 143 141 138 141 139 141 143 145 147 150 155 158 163 167 158 155 154 121 97 103
102 102 104 105 105 105 103 96 97 98 99 94 86 80 75 67 47 26 21 19 21 16 23 20 22 26 20 33 98 94 90 116 144 119 106 103 104 107 111 120 127 127 133 145 148 130 58 86 49 79 131 118 124 123 131 130 136 136 135 135 136 138 141 143 153 159 151 183 146 137 137 134 136 135 134 134 135 137 139 140 145 147 154 157 138 107 97 109
106 104 105 108 107 105 102 97 99 88 81 79 76 71 67 62 55 30 19 18 25 23 26 22 21 29 28 31 83 92 96 148 137 118 107 102 102 106 109 114 120 123 133 145 144 155 126 74 40 119 124 115 126 126 124 133 134 133 135 137 137 137 138 140 151 158 156 179 142 137 136 133 131 130 128 128 128 130 132 134 133 141 141 130 117 108 106 110
109 104 105 110 111 110 104 96 87 84 81 78 74 73 72 68 48 30 18 17 25 22 20 18 33 67 68 65 93 96 101 155 133 118 109 103 102 107 108 109 110 122 127 134 146 158 165 114 84 132 111 119 121 124 125 131 133 132 134 138 138 135 136 139 141 154 166 171 126 125 127 130 129 129 128 129 129 129 130 130 133 125 112 104 108 112 111 109
107 107 109 109 105 102 96 89 84 77 73 71 69 67 64 58 61 44 25 17 22 22 21 21 48 93 83 96 103 83 101 165 137 120 111 106 106 110 109 108 108 115 122 124 143 146 158 161 131 116 110 119 116 120 126 127 133 131 133 137 136 133 134 139 134 147 167 154 110 112 115 119 122 124 127 129 129 128 125 124 117 103 87 87 101 112 112 111
106 112 114 102 88 84 83 79 75 67 64 64 58 55 62 69 68 55 35 24 24 26 21 19 43 100 93 100 91 79 101 163 144 124 112 109 110 111 108 108 110 106 118 123 133 144 152 154 121 112 118 111 114 119 120 125 129 129 132 136 135 132 132 136 137 141 157 132 104 112 110 108 104 107 110 112 113 112 110 108 105 107 101 92 94 103 109 113
112 111 105 92 82 82 81 74 68 71 72 66 63 72 78 77 54 52 39 25 17 25 28 30 43 90 102 100 86 84 92 152 152 130 117 113 111 110 106 107 105 105 107 119 126 140 150 137 109 116 113 111 111 112 117 121 124 127 131 134 134 132 132 133 136 138 151 119 105 111 110 110 109 110 111 112 113 114 114 114 110 114 113 106 98 93 100 113
113 105 98 92 89 89 86 79 82 80 75 72 78 86 74 51 53 51 37 24 17 39 55 56 63 71 77 92 85 76 78 145 159 141 128 118 112 111 106 105 102 106 100 105 117 126 139 132 113 115 105 112 109 104 113 116 119 123 125 126 125 127 129 130 132 138 148 112 106 107 108 113 108 108 108 108 109 110 111 111 107 103 104 109 106 94 94 107
106 102 102 101 93 85 84 86 83 77 80 88 81 64 56 55 51 46 35 33 36 66 69 52 75 83 69 77 77 77 77 107 164 150 138 123 114 113 108 105 105 101 104 96 102 117 129 117 105 115 110 102 111 101 104 113 114 117 117 113 113 119 124 127 132 136 140 106 109 107 105 108 108 108 109 109 110 110 110 110 109 112 112 112 109 101 93 91
106 104 102 96 87 85 86 85 87 85 82 73 61 54 49 43 28 25 37 47 50 79 63 64 83 80 78 81 82 76 75 83 139 165 143 129 127 110 109 106 102 102 99 100 97 101 116 115 108 107 106 103 102 102 102 102 102 100 101 105 110 113 118 124 130 135 135 103 109 109 107 107 109 111 112 111 110 111 110 108 109 112 112 110 110 108 99 88
109 101 93 88 85 86 88 86 79 78 77 71 60 51 46 39 44 38 49 52 63 80 70 68 86 85 80 79 82 77 74 80 104 141 155 141 126 120 114 104 97 102 99 95 92 100 111 104 105 105 104 102 98 96 94 93 95 93 94 99 106 112 118 124 130 142 126 110 112 109 107 108 108 108 109 109 111 113 114 113 108 107 106 108 109 106 100 94
104 108 104 87 71 71 74 73 81 77 75 73 68 67 68 67 60 53 59 57 78 78 75 72 86 90 83 77 81 78 74 78 83 120 133 144 144 121 110 108 107 98 94 100 96 89 99 109 100 101 101 99 95 90 87 86 90 89 92 99 107 114 120 125 130 144 112 108 106 106 107 106 109 109 110 111 112 113 112 110 111 106 105 110 110 105 101 101
107 105 102 93 80 73 71 70 89 82 77 74 72 73 77 79 66 61 61 61 87 77 77 76 84 92 86 77 79 77 74 78 88 86 125 133 127 138 125 109 104 100 97 96 92 90 98 105 95 96 97 97 93 88 86 87 90 92 97 105 111 116 122 127 140 139 109 110 105 109 109 100 106 107 108 109 110 113 113 113 111 109 110 112 110 104 102 103
106 96 95 99 88 74 76 87 85 80 79 79 78 77 77 75 68 67 63 68 91 80 78 80 84 92 88 79 76 74 73 77 85 88 104 122 124 129 135 125 108 101 95 92 92 92 93 99 92 93 93 93 91 88 88 90 90 94 100 106 112 118 126 132 144 115 104 112 110 112 114 107 108 109 109 107 105 106 107 108 107 111 114 112 108 104 102 100
93 95 96 90 81 83 93 99 81 80 82 85 87 89 88 82 71 72 68 75 91 82 78 83 86 90 89 82 75 71 72 75 84 90 97 101 125 125 105 135 130 111 97 93 93 89 87 99 92 91 89 90 90 88 89 92 93 96 102 107 113 122 134 142 149 103 104 111 107 104 108 114 106 109 111 111 108 105 101 98 105 112 115 110 106 106 105 101
92 97 93 84 91 111 113 96 88 87 88 87 89 93 91 83 76 74 76 77 91 82 80 87 89 85 87 86 76 71 73 74 83 93 96 97 103 114 118 107 123 124 116 94 88 92 88 92 92 88 87 89 90 89 90 92 96 99 104 110 119 130 142 148 124 98 105 106 101 96 96 105 107 108 108 109 110 111 108 105 107 110 110 105 104 107 107 103
99 99 98 96 98 105 100 87 89 91 92 92 94 99 95 84 80 75 82 78 92 83 84 91 91 81 84 88 78 72 75 75 84 88 99 98 95 106 114 108 98 111 122 110 96 86 80 92 91 87 86 88 91 90 91 94 96 99 105 114 125 137 145 148 97 110 131 136 139 142 137 141 130 121 109 101 101 106 110 110 109 107 103 99 101 105 105 103
103 103 104 101 97 98 97 92 93 96 93 97 99 99 99 85 82 80 83 74 92 86 88 92 88 78 77 88 77 74 76 73 86 94 95 97 103 109 111 102 109 95 103 117 107 92 86 80 88 88 85 86 91 92 91 91 97 101 110 122 135 143 142 139 138 139 140 140 140 141 144 147 149 154 157 144 118 101 100 105 113 102 105 101 102 106 100 107
105 103 101 98 98 103 104 100 99 99 96 102 104 103 99 86 83 84 82 75 89 87 89 89 88 73 73 84 80 71 72 74 89 97 99 100 104 111 112 99 82 104 97 90 106 104 87 87 85 85 83 84 89 92 93 95 99 107 118 125 127 127 125 123 123 126 129 131 133 136 140 143 148 142 140 152 164 148 117 99 103 117 108 109 110 108 103 105
101 100 99 99 98 103 105 101 101 98 95 102 106 104 98 86 85 89 79 78 87 88 91 87 78 70 71 81 80 72 71 78 97 101 100 99 100 108 110 95 44 60 90 103 93 93 95 83 84 84 82 83 88 91 94 98 107 111 114 113 111 112 115 117 122 124 128 131 133 136 140 142 138 151 156 144 143 163 160 129 107 113 108 112 115 110 111 106
103 103 103 101 97 99 103 102 104 98 97 102 105 102 96 86 88 90 75 84 89 88 89 84 69 70 69 75 69 70 68 83 100 100 99 101 100 103 103 88 51 38 42 64 83 93 95 91 84 83 80 82 87 92 95 99 105 103 99 97 100 108 115 118 119 121 123 125 128 131 134 136 144 145 141 145 152 147 149 167 138 102 107 111 115 112 117 108
112 109 106 102 99 101 104 103 108 102 102 103 102 100 94 88 90 90 76 91 92 87 82 75 71 72 65 74 66 71 61 80 96 97 99 106 105 101 97 86 59 72 71 72 83 82 80 91 84 82 79 80 86 91 94 97 91 92 93 97 104 110 113 113 112 113 115 117 121 125 129 132 136 134 141 145 144 152 157 149 163 121 107 113 113 113 115 110
109 104 103 105 107 107 102 94 100 96 99 98 96 97 93 90 91 89 81 94 93 86 78 71 75 71 71 90 88 88 61 70 93 97 98 103 105 100 98 94 99 93 92 87 77 79 83 77 84 83 79 78 82 85 86 89 87 93 101 106 109 110 110 109 112 112 113 115 118 123 127 130 125 136 138 137 143 144 146 156 158 153 109 113 111 112 113 113
101 100 103 109 111 109 103 94 93 91 97 95 94 98 93 91 89 88 87 90 88 90 89 86 81 81 93 105 111 107 73 60 87 100 99 99 103 100 99 98 93 87 80 79 80 79 75 73 76 78 76 75 77 78 81 85 94 100 105 106 106 106 108 109 109 109 109 111 113 117 120 121 125 125 134 139 137 140 147 148 149 163 120 108 110 109 112 113
104 105 108 111 109 108 109 108 98 96 103 98 96 101 94 89 87 88 89 83 82 95 103 106 93 98 114 104 113 112 83 55 76 100 103 101 105 102 95 91 86 87 84 78 77 77 72 66 62 68 70 71 74 78 83 91 97 100 101 101 102 103 104 104 105 106 107 109 112 115 118 119 123 127 130 133 134 135 140 148 155 155 136 104 111 105 111 110
105 106 104 103 109 113 111 109 108 106 109 109 106 106 98 84 85 83 81 77 74 81 92 98 105 107 107 106 111 111 95 74 99 103 106 104 100 96 91 86 82 82 81 79 77 74 72 71 66 67 62 72 76 81 83 89 95 100 103 101 100 104 105 103 106 108 109 109 112 116 118 119 121 123 126 129 131 133 138 142 146 154 144 109 106 100 108 109
106 109 108 105 108 110 111 113 113 110 109 107 105 107 106 97 81 78 72 64 60 72 92 104 110 109 109 110 110 106 102 99 104 105 104 100 96 92 88 85 82 82 81 80 79 78 76 75 72 69 78 73 66 77 90 93 90 93 96 99 102 105 106 106 108 110 112 113 115 118 119 118 121 123 126 129 130 132 137 141 149 150 143 105 108 101 106 112
113 114 111 108 108 108 108 111 119 115 112 108 104 106 108 105 95 85 76 75 82 95 102 101 109 106 106 107 107 106 109 115 110 106 101 96 92 88 85 85 85 84 83 83 83 83 82 82 78 78 94 70 64 76 88 97 95 94 95 99 102 102 103 105 107 110 113 115 117 119 120 119 122 123 126 128 130 132 137 141 147 151 143 104 110 106 107 112
115 114 110 108 110 107 104 105 115 113 112 110 107 106 107 107 96 95 98 100 102 104 104 99 102 102 101 102 107 113 114 111 111 104 97 94 91 87 86 87 88 88 87 88 88 88 87 86 85 95 94 69 72 79 80 95 103 102 102 102 101 102 103 105 105 107 111 114 117 120 121 121 123 124 126 128 130 132 137 141 141 154 135 104 107 109 108 106
108 110 109 109 109 104 101 103 105 106 109 112 112 110 109 112 100 101 104 105 104 105 104 101 102 102 103 107 114 119 115 109 107 101 95 93 93 91 90 91 91 91 91 92 92 91 91 91 99 104 86 75 79 83 81 90 100 106 108 107 106 108 110 110 108 109 111 114 117 120 122 123 124 124 126 128 129 131 136 141 145 148 110 99 103 107 107 102
105 109 111 110 105 97 96 103 105 105 106 110 113 109 108 113 107 103 102 102 104 108 109 105 105 105 109 116 119 116 112 112 103 99 96 95 95 95 94 94 93 94 94 94 94 94 96 98 112 99 81 85 80 87 91 88 93 104 112 113 114 117 117 115 117 116 117 118 120 122 124 126 125 125 127 128 129 131 136 141 152 134 91 96 104 107 107 107
106 107 106 106 102 96 97 105 111 108 104 107 110 104 100 105 99 104 109 107 100 99 105 107 105 109 115 119 118 113 110 109 101 100 98 96 96 97 96 95 94 96 96 96 96 99 106 111 109 91 87 89 84 89 93 92 93 102 111 117 120 122 123 122 126 124 124 125 126 125 127 128 128 128 129 130 131 133 138 143 142 117 98 98 109 111 109 111
107 101 97 99 104 103 104 110 113 108 101 104 107 99 93 99 105 105 108 107 103 103 103 100 102 113 120 118 116 116 111 102 101 102 100 97 96 97 97 94 95 97 98 97 98 104 114 121 98 87 94 86 92 91 88 98 95 99 108 117 123 125 128 130 130 129 129 130 130 129 129 131 131 131 132 133 133 135 140 146 121 105 115 102 112 115 110 108
107 104 96 95 105 108 106 108 110 109 106 107 108 99 94 101 103 114 103 112 111 110 107 104 114 119 120 116 113 112 108 102 103 102 100 98 97 97 97 98 96 101 99 99 105 130 116 107 90 93 94 92 90 92 95 97 94 99 98 116 126 124 133 132 136 133 133 134 133 134 135 133 135 130 135 135 130 141 141 119 105 110 110 105 105 110 111 106
112 108 102 104 111 109 107 110 114 114 110 107 104 95 92 99 103 102 103 107 102 112 112 112 115 117 117 114 110 109 106 103 104 102 99 97 97 97 97 97 101 99 102 114 128 120 110 93 93 94 95 93 92 94 96 96 99 99 99 112 126 126 130 139 135 135 137 139 139 137 135 134 136 139 134 140 147 134 113 96 105 108 108 103 104 109 110 107
111 106 103 107 110 105 102 106 109 107 100 93 89 83 80 82 82 78 87 87 93 107 104 114 116 115 114 111 108 106 105 104 103 102 101 100 101 101 101 101 102 104 106 134 115 113 101 85 96 96 96 95 95 96 97 96 100 100 100 105 123 132 123 124 137 140 139 137 138 139 139 141 138 143 141 132 103 80 92 107 104 107 107 105 105 108 108 105
93 89 86 88 89 85 81 82 83 81 76 71 71 71 68 64 63 70 76 79 102 103 98 119 117 114 112 111 109 106 106 108 105 105 105 105 105 104 104 104 108 114 135 122 108 102 85 103 97 97 96 95 97 99 98 96 98 103 103 102 118 138 125 93 110 124 132 133 134 133 128 125 124 111 111 108 92 81 86 97 101 104 107 107 107 106 105 103
71 68 66 65 65 67 65 61 64 66 68 68 70 74 74 70 68 81 84 91 104 88 103 123 116 113 111 112 111 109 108 111 108 109 109 108 106 105 108 110 118 132 123 119 80 65 104 99 98 97 96 96 98 100 99 97 96 104 105 107 115 137 137 91 71 89 102 105 108 110 107 101 93 98 109 105 106 93 71 83 94 100 105 106 106 105 105 105
69 68 69 68 69 75 78 74 75 82 89 89 85 88 92 92 88 93 99 103 87 66 115 126 118 115 114 114 114 112 112 114 111 112 112 111 111 113 118 123 130 124 109 81 31 71 105 99 101 99 97 96 98 101 100 98 97 101 102 111 111 128 146 119 73 79 90 98 103 109 112 108 108 103 109 103 102 100 77 72 89 97 105 105 105 107 110 111
89 88 91 91 88 91 97 96 99 102 108 106 98 99 103 102 102 101 104 95 70 58 127 132 123 120 118 117 116 117 117 117 116 116 117 118 120 122 125 126 118 112 75 30 36 72 108 109 104 102 99 98 99 101 101 99 98 99 101 110 112 122 141 142 78 68 81 103 109 109 109 102 109 102 108 109 98 101 100 78 82 96 107 107 106 109 112 112
110 106 109 108 97 93 98 100 109 105 106 105 99 101 103 99 98 98 93 73 59 57 126 133 128 126 122 119 119 120 121 121 123 122 123 125 127 125 120 115 103 62 28 39 28 65 113 105 107 105 102 99 99 101 101 100 100 101 105 108 116 124 132 148 95 69 77 105 112 109 109 105 102 111 103 109 109 104 105 83 75 93 107 109 107 108 108 106
108 110 113 110 110 108 103 105 110 110 109 109 109 108 104 100 100 97 70 66 58 51 99 146 130 131 129 125 124 127 127 123 124 128 132 132 130 120 100 81 39 34 38 34 29 58 111 109 108 107 105 103 102 101 101 101 100 103 103 108 116 122 133 149 129 53 97 108 109 106 104 106 111 107 102 105 106 104 103 96 79 81 92 105 109 107 106 104
99 100 103 104 108 111 107 111 110 109 109 109 111 112 110 108 108 86 65 56 61 51 57 112 147 133 126 129 130 125 127 135 138 135 130 123 111 88 54 28 38 34 38 35 31 43 114 113 110 109 107 105 104 103 103 103 101 102 104 109 117 124 133 144 146 83 102 103 102 104 104 103 108 106 102 106 106 105 105 99 86 76 80 98 108 108 107 108
98 98 100 100 105 108 105 108 113 105 103 109 111 107 108 114 97 59 58 56 53 55 45 56 112 138 151 140 131 138 142 138 138 131 113 84 55 37 35 38 39 34 36 37 35 27 106 116 112 111 109 107 106 105 105 105 104 102 105 111 117 126 134 137 159 122 112 105 104 107 108 100 97 97 96 101 103 104 107 102 94 77 70 81 95 104 108 108
104 104 105 103 105 106 102 105 110 106 103 103 104 102 100 99 65 61 52 53 56 51 46 44 52 78 107 124 135 139 129 116 102 79 52 38 37 39 38 37 39 36 35 38 38 17 82 121 115 114 112 109 108 107 107 107 105 103 107 112 116 126 136 135 155 146 118 114 113 112 111 100 95 97 98 103 105 106 110 105 103 91 77 71 78 97 109 109
100 103 107 106 107 109 106 111 108 111 106 99 102 107 93 71 60 64 53 58 53 42 56 60 57 46 42 53 64 64 59 57 43 39 38 39 39 37 36 37 37 39 36 37 34 13 53 127 119 117 114 111 109 108 107 107 105 104 109 113 115 125 137 138 146 153 117 117 116 112 111 103 102 104 104 108 107 107 109 103 103 98 86 72 69 83 100 106
91 95 102 102 105 108 108 114 115 107 102 106 110 101 79 58 64 53 55 57 50 55 63 54 49 50 48 44 42 43 42 39 41 39 39 41 41 39 39 40 36 41 37 32 25 14 29 118 123 121 117 114 111 109 108 108 106 106 110 113 116 125 136 142 144 153 117 116 114 109 109 106 105 108 108 111 110 109 110 102 98 95 90 82 72 73 86 98
91 94 99 98 102 105 104 110 116 104 102 110 104 81 63 59 53 54 50 48 63 67 50 48 50 47 46 48 49 46 43 43 44 43 42 40 38 37 38 39 37 39 33 25 20 18 16 83 127 125 121 116 113 110 109 109 107 108 109 113 120 125 134 143 146 151 121 116 111 108 103 99 102 106 107 111 111 110 110 100 90 87 87 83 74 70 74 80
98 98 100 99 102 105 104 109 105 109 111 101 82 65 58 59 53 46 50 63 62 51 48 52 47 47 47 47 47 45 43 43 41 43 43 43 41 41 41 40 40 35 27 19 21 24 10 47 130 127 123 118 114 111 110 110 107 109 109 114 123 126 132 143 144 147 124 117 110 107 96 88 92 96 97 101 101 99 97 86 73 73 72 67 61 60 58 52
104 96 94 99 101 101 102 102 104 106 106 88 64 56 56 49 43 57 64 57 50 51 51 46 47 47 47 46 45 45 44 43 43 41 42 42 39 39 40 38 34 28 22 20 21 22 19 17 102 132 125 122 119 112 110 111 108 109 111 115 120 126 135 142 142 152 120 116 115 96 92 80 78 75 73 71 70 68 66 64 59 57 54 52 53 56 59 62
102 100 98 100 100 96 94 95 104 107 91 68 61 56 46 39 55 59 59 54 49 48 48 47 46 46 46 45 45 44 43 42 43 42 42 42 41 41 40 37 29 26 23 21 21 21 19 18 55 138 129 126 111 115 116 108 110 110 112 115 120 127 135 142 140 144 116 117 118 82 66 67 66 62 58 56 58 61 65 68 66 66 66 68 70 74 77 79
105 107 104 101 100 96 94 100 107 95 73 59 56 50 47 55 63 58 53 51 48 46 45 47 46 46 45 45 44 43 42 42 42 42 41 41 42 42 38 32 23 23 23 22 21 20 19 19 17 95 141 127 123 115 113 108 111 111 112 116 121 127 136 143 144 138 115 115 119 82 58 72 75 73 70 69 70 73 76 78 80 81 82 82 82 82 82 81
110 109 100 98 104 100 92 94 97 74 62 61 55 55 63 67 59 53 49 49 49 46 44 44 46 46 45 44 44 43 42 42 41 41 39 38 41 39 32 26 21 22 23 22 21 20 20 20 15 44 122 131 125 110 116 113 112 111 113 116 122 128 136 143 146 131 116 110 117 92 69 78 78 77 77 77 77 77 78 79 79 79 80 80 80 80 79 79
103 97 86 86 96 90 77 75 75 65 61 60 61 68 68 54 53 52 50 49 48 47 44 42 44 44 44 43 42 42 41 41 40 41 38 37 39 35 25 20 23 22 22 21 21 21 21 20 25 16 53 144 125 120 112 115 112 112 113 117 122 129 136 142 142 115 113 110 114 96 75 73 75 74 73 73 74 76 77 78 78 78 78 78 78 78 78 78
66 62 55 52 51 45 46 58 68 71 66 62 68 65 55 54 53 54 53 48 46 46 45 42 43 42 42 41 41 41 41 41 41 42 39 38 39 30 20 19 24 22 21 20 21 21 21 20 17 22 24 53 136 131 109 116 113 113 114 118 124 129 136 140 132 97 105 111 113 92 76 74 75 74 74 74 74 73 70 67 65 65 65 66 66 66 67 67
65 57 51 49 42 38 51 71 71 71 67 67 66 54 50 60 55 55 53 49 46 45 45 43 42 42 42 41 41 41 41 41 41 42 39 40 40 26 16 20 23 22 21 20 21 21 21 21 20 22 22 11 41 107 122 111 115 115 116 120 125 130 134 138 102 78 94 106 112 83 67 71 63 62 61 63 64 62 57 53 60 62 66 70 73 74 74 74
83 64 55 60 62 60 64 72 67 61 63 65 59 57 57 50 56 54 52 50 48 45 43 43 43 43 42 42 42 42 43 43 40 42 39 40 39 24 14 22 21 21 21 21 21 21 21 21 21 13 26 25 13 18 92 125 117 116 118 122 126 130 133 136 66 61 86 100 108 73 51 53 54 51 49 52 57 62 63 62 60 63 68 71 72 70 67 65
75 68 61 59 63 67 67 64 59 61 62 60 57 56 57 57 59 55 52 50 48 45 43 42 42 41 41 42 42 41 41 42 44 37 45 42 29 22 16 20 21 21 21 21 21 21 21 21 21 20 18 23 31 17 34 103 123 116 118 126 120 135 136 79 47 54 72 92 94 70 68 61 61 68 58 56 55 53 68 55 52 56 55 54 59 55 49 57
69 67 64 64 65 65 63 60 59 61 61 59 57 56 56 56 58 55 51 50 49 46 44 43 42 41 41 42 43 42 41 42 43 41 43 35 26 23 17 19 21 21 21 21 21 21 21 21 20 23 21 17 26 31 29 44 86 125 131 124 140 135 83 29 46 53 67 81 89 69 64 68 68 60 59 59 47 72 127 95 116 123 55 89 90 118 53 122
65 66 67 67 65 62 59 58 60 60 60 58 57 57 56 55 54 51 48 47 46 43 42 41 41 40 41 42 43 42 42 43 42 45 41 26 23 24 18 18 21 21 21 21 21 21 21 21 19 16 19 21 28 38 35 29 29 53 85 105 98 57 25 38 39 43 51 68 99 86 53 52 52 55 48 55 51 38 93 86 132 135 92 91 45 118 53 80
67 67 67 65 62 59 59 60 60 60 58 57 57 57 56 53 50 47 44 43 43 41 40 40 40 40 41 43 43 42 42 43 43 48 37 22 24 24 17 18 21 21 21 21 21 21 21 21 26 17 21 30 34 34 34 34 34 27 32 35 31 36 42 38 38 40 47 69 122 112 48 39 41 42 53 52 38 70 153 71 138 135 108 71 68 113 71 159
